ayn1
[ayn1]
[      ayn1]
[        ay]
[ ay]
[ayn1]
[          ]

[(null)]
[     (null]
[        (n]
[ (n]
[(null)]
[          ]

155
-155
0
0
2147483647
-2147483648

[-2147483648]
[-2147483648]
[-2147483648]
[.11: -02147483648]
[.12: -002147483648]
[.20: -00000000002147483648]
[-2147483648]

[-2147483648]
[-2147483648]
[-2147483648]
[-2147483648]
[ -2147483648]
[         -2147483648]

[-000002147483648]
[-000002147483648]
[-000002147483648]
[-000002147483648]
[-000002147483648]
[ -000002147483648]
[     -02147483648]
[    -000002147483648]

[-2147483648]
[-2147483648]
[-2147483648]
[         -2147483648]
[-2147483648]
[-2147483648]
[-2147483648]
[-00000000002147483648]
[-2147483648]
[-2147483648]
[-2147483648]
[-00000000002147483648]
[-2147483648]
[-2147483648]
[-2147483648]
[-00000000002147483648]
[         -2147483648]
[         -2147483648]
[         -2147483648]
[-00000000002147483648]

[         0]
[          ]
[          ]
[]
[        10]
[-120]
--X--
9b
ffffff65
0
0
7fffffff
80000000

[80000000]
[80000000]
[0080000000]
[.11: 00080000000]
[.12: 000080000000]
[.20: 00000000000080000000]
[80000000]

[80000000]
[80000000]
[  80000000]
[   80000000]
[    80000000]
[            80000000]

[000000080000000]
[000000080000000]
[000000080000000]
[000000080000000]
[000000080000000]
[  000000080000000]
[      00080000000]
[     000000080000000]

[80000000]
[80000000]
[  80000000]
[            80000000]
[80000000]
[80000000]
[0080000000]
[00000000000080000000]
[80000000]
[80000000]
[0080000000]
[00000000000080000000]
[  80000000]
[  80000000]
[0080000000]
[00000000000080000000]
[            80000000]
[            80000000]
[          0080000000]
[00000000000080000000]

[         0]
[          ]
[          ]
[]
[         a]
[ffffff88]
